Example 1: 2 Traces
   1234
   1324

Example 2: 2 Traces
   1234
   1324

Example 3: 8 Traces
   123546
   123456
   132546
   132456
   135246
   135426
   134256
   134526

Example 4: 40 Traces
   1328546
   1328456
   1325846
   1325486
   1324856
   1324586
   1352846
   1352486
   1354286
   1342856
   1342586
   1345286
   1378546
   1378456
   1375846
   1375486
   1374856
   1374586
   1357846
   1357486
   1354786
   1347856
   1347586
   1345786
   1238546
   1238456
   1235846
   1235486
   1234856
   1234586
   1283546
   1283456
   1738546
   1738456
   1735846
   1735486
   1734856
   1734586
   1783546
   1783456
 
Example 5:    12 Traces
   125679
   125689
   12565679
   12565689
   135679
   135689
   13565679
   13565689
   145679
   145689
   14565679
   14565689

Example 6: Deadlock

Example 7: 8 Traces
   12345
   12354
   12534
   13245
   13254
   13524
   15234
   15324

Example 8: Deadlock

Example 9: 

Example 10: 64 Traces
   12
   13
   14
   15
   123
   132
   124
   142
   125
   152
   134
   143
   135
   153
   145
   154
   1234
   1243
   1324
   1342
   1423
   1432
   1235
   1253
   1325
   1352
   1523
   1532
   1245
   1254
   1425
   1452
   1524
   1542
   1345
   1354
   1435
   1453
   1534
   1543
   12345
   12354
   12435
   12453
   12534
   12543
   13245
   13254
   13425
   13452
   13524
   13542
   14235
   14253
   14325
   14352
   14523
   14532
   15234
   15243
   15324
   15342
   15423
   15432

Example 11: 15 Traces
   125
   135
   145
   1235
   1325
   1245
   1425
   1345
   1435
   12345
   12435
   13245
   13425
   14235
   14325

Example 12: 19 Traces
   15
   124
   134
   1234
   1324
   1245
   1254
   1524
   1345
   1354
   1534
   12345
   12354
   12534
   13245
   13254
   13524
   15234
   15324

Example 13: 141 Traces
   12349	152637849	125367489
   1569		152673489	125367849
   15789	152673849	125374689
   156789	152678349	125374869
   157689	152734689	125376489
   157869	152734869	125376849
   1562349	152736489	125378469
   1526349	152736849	125378649
   1523649	152738469	125634789
   1523469	152738649	125637489
   1256349	152763489	125637849
   1253649	152763849	125673489
   1253469	152768349	125673849
   1235649	152783469	125678349
   1235469	152783649	125734689
   1234569	152786349	125734869
   15782349	156234789	125736489
   15728349	156237489	125736849
   15723849	156237849	125738469
   15723489	156273489	125738649
   15278349	156273849	125763489
   15273849	156278349	125763849
   15273489	156723489	125768349
   15237849	156723849	125783469
   15237489	156728349	125783649
   15234789	156782349	125786349
   12578349	157234689	123546789
   12573849	157234869	123547689
   12573489	157236489	123547869
   12537849	157236849	123564789
   12537489	157238469	123567489
   12534789	157238649	123567849
   12357849	157263489	123574689
   12357489	157263849	123574869
   12354789	157268349	123576489
   12345789	157283469	123576849
   152346789	157283649	123578469
   152347689	157286349	123578649
   152347869	157623489	123456789
   152364789	157623849	123457689
   152367489	157628349	123457869
   152367849	157682349	
   152374689	157823469	
   152374869	157823649	
   152376489	157826349	
   152376849	157862349	
   152378469	125346789	
   152378649	125347689	
   152634789	125347869	
   152637489	125364789

Example 14: 11 Traces
   126
   135
   1346
   12346
   12365
   12356
   13246
   13265
   13256
   13426
   13526

Example 15: 2220 Traces
   Trace_Extraction_Example_15_Becker_V2.csv

Example 16: 312 Traces
   Trace_Extraction_Example_15_Becker_V2_Easy.csv